6.740766114543074172e-01 0.000000000000000000e+00
0.000000000000000000e+00 0.000000000000000000e+00
0.000000000000000000e+00 0.000000000000000000e+00
1.277851175715348508e-02 0.000000000000000000e+00
0.000000000000000000e+00 0.000000000000000000e+00
0.000000000000000000e+00 0.000000000000000000e+00
0.000000000000000000e+00 0.000000000000000000e+00
-4.855714231310900852e-02 0.000000000000000000e+00
0.000000000000000000e+00 0.000000000000000000e+00
-1.358827964299470781e-02 0.000000000000000000e+00
0.000000000000000000e+00 1.776362041706396055e-02
0.000000000000000000e+00 0.000000000000000000e+00
0.000000000000000000e+00 5.199656594205570581e-03
0.000000000000000000e+00 0.000000000000000000e+00
0.000000000000000000e+00 0.000000000000000000e+00
0.000000000000000000e+00 0.000000000000000000e+00
-1.684973891325440565e-02 0.000000000000000000e+00
2.422367751248792611e-02 0.000000000000000000e+00
0.000000000000000000e+00 0.000000000000000000e+00
-2.537980909164141985e-03 0.000000000000000000e+00
0.000000000000000000e+00 0.000000000000000000e+00
-4.078014205500871125e-03 2.696946748383000081e-02
0.000000000000000000e+00 0.000000000000000000e+00
0.000000000000000000e+00 -1.704985797901144295e-02
0.000000000000000000e+00 5.771577912442732439e-03
0.000000000000000000e+00 -1.638719841474442496e-03
0.000000000000000000e+00 0.000000000000000000e+00
0.000000000000000000e+00 0.000000000000000000e+00
0.000000000000000000e+00 0.000000000000000000e+00
0.000000000000000000e+00 0.000000000000000000e+00
0.000000000000000000e+00 5.615149099973085201e-03
0.000000000000000000e+00 0.000000000000000000e+00
0.000000000000000000e+00 6.063428937230566640e-03
0.000000000000000000e+00 0.000000000000000000e+00
0.000000000000000000e+00 0.000000000000000000e+00
2.048087272219993593e-02 -1.015563642232467090e-02
0.000000000000000000e+00 -1.663601501877280675e-02
0.000000000000000000e+00 -3.057422633217463104e-02
0.000000000000000000e+00 0.000000000000000000e+00
3.145447992594960218e-03 0.000000000000000000e+00
0.000000000000000000e+00 0.000000000000000000e+00
0.000000000000000000e+00 0.000000000000000000e+00
0.000000000000000000e+00 -4.529723281610170682e-02
0.000000000000000000e+00 0.000000000000000000e+00
2.734965618084678196e-02 0.000000000000000000e+00
0.000000000000000000e+00 0.000000000000000000e+00
0.000000000000000000e+00 0.000000000000000000e+00
-1.958514028835882381e-02 0.000000000000000000e+00
0.000000000000000000e+00 0.000000000000000000e+00
0.000000000000000000e+00 0.000000000000000000e+00
0.000000000000000000e+00 0.000000000000000000e+00
0.000000000000000000e+00 0.000000000000000000e+00
0.000000000000000000e+00 0.000000000000000000e+00
0.000000000000000000e+00 0.000000000000000000e+00
0.000000000000000000e+00 0.000000000000000000e+00
0.000000000000000000e+00 0.000000000000000000e+00
0.000000000000000000e+00 0.000000000000000000e+00
1.885844215562078319e-02 0.000000000000000000e+00
1.875736949658197983e-02 0.000000000000000000e+00
0.000000000000000000e+00 -1.623737322467555533e-02
0.000000000000000000e+00 0.000000000000000000e+00
0.000000000000000000e+00 -5.231806183742096494e-03
2.341512605605351738e-02 -4.931750730439735109e-03
0.000000000000000000e+00 0.000000000000000000e+00
0.000000000000000000e+00 0.000000000000000000e+00
0.000000000000000000e+00 0.000000000000000000e+00
8.896295431339976134e-03 2.116862372214241284e-02
0.000000000000000000e+00 0.000000000000000000e+00
-3.998151497883059569e-02 0.000000000000000000e+00
0.000000000000000000e+00 0.000000000000000000e+00
0.000000000000000000e+00 4.366764832559183462e-03
3.271732085774908816e-02 1.253394199787809249e-02
0.000000000000000000e+00 0.000000000000000000e+00
0.000000000000000000e+00 -1.682642038986988109e-02
0.000000000000000000e+00 0.000000000000000000e+00
0.000000000000000000e+00 0.000000000000000000e+00
-1.141322609167387536e-02 0.000000000000000000e+00
0.000000000000000000e+00 0.000000000000000000e+00
0.000000000000000000e+00 0.000000000000000000e+00
0.000000000000000000e+00 0.000000000000000000e+00
4.740661841597063053e-03 -3.251140985832387531e-03
1.280780837549523599e-02 0.000000000000000000e+00
1.937842930181575551e-02 9.744063092026120088e-03
0.000000000000000000e+00 0.000000000000000000e+00
0.000000000000000000e+00 0.000000000000000000e+00
0.000000000000000000e+00 0.000000000000000000e+00
0.000000000000000000e+00 0.000000000000000000e+00
0.000000000000000000e+00 0.000000000000000000e+00
-1.179740749094192187e-02 0.000000000000000000e+00
0.000000000000000000e+00 0.000000000000000000e+00
0.000000000000000000e+00 -1.844867511056712261e-02
0.000000000000000000e+00 0.000000000000000000e+00
0.000000000000000000e+00 0.000000000000000000e+00
0.000000000000000000e+00 0.000000000000000000e+00
9.233367035778941578e-03 0.000000000000000000e+00
0.000000000000000000e+00 0.000000000000000000e+00
0.000000000000000000e+00 0.000000000000000000e+00
6.694112706409308111e-03 0.000000000000000000e+00
0.000000000000000000e+00 0.000000000000000000e+00
0.000000000000000000e+00 1.067883860616471170e-02
0.000000000000000000e+00 0.000000000000000000e+00
0.000000000000000000e+00 0.000000000000000000e+00
0.000000000000000000e+00 3.151929176024892421e-02
0.000000000000000000e+00 0.000000000000000000e+00
9.444441716130000386e-03 0.000000000000000000e+00
0.000000000000000000e+00 -1.380371410873008908e-02
0.000000000000000000e+00 0.000000000000000000e+00
0.000000000000000000e+00 0.000000000000000000e+00
0.000000000000000000e+00 0.000000000000000000e+00
0.000000000000000000e+00 0.000000000000000000e+00
0.000000000000000000e+00 0.000000000000000000e+00
0.000000000000000000e+00 0.000000000000000000e+00
0.000000000000000000e+00 0.000000000000000000e+00
0.000000000000000000e+00 -3.005156838223405069e-02
0.000000000000000000e+00 0.000000000000000000e+00
0.000000000000000000e+00 0.000000000000000000e+00
1.258808841798113309e-02 -1.913808092916909065e-02
0.000000000000000000e+00 0.000000000000000000e+00
0.000000000000000000e+00 -4.894323679962717111e-03
9.274098328073340780e-03 0.000000000000000000e+00
0.000000000000000000e+00 0.000000000000000000e+00
-9.603365785812792432e-03 1.318174668113444858e-03
0.000000000000000000e+00 -1.032322627902658441e-02
1.458269785961004150e-02 0.000000000000000000e+00
0.000000000000000000e+00 1.807782589367513959e-02
-1.110570945621537631e-02 -2.245395951676387725e-02
-4.092924502083691851e-03 0.000000000000000000e+00
0.000000000000000000e+00 0.000000000000000000e+00
0.000000000000000000e+00 0.000000000000000000e+00
0.000000000000000000e+00 0.000000000000000000e+00
0.000000000000000000e+00 0.000000000000000000e+00
-1.030756367140585328e-02 -8.844730656111340905e-03
-3.238769841940006278e-03 2.981915754575753530e-02
0.000000000000000000e+00 8.986178273132736094e-03
0.000000000000000000e+00 0.000000000000000000e+00
4.096859435860697451e-02 0.000000000000000000e+00
0.000000000000000000e+00 0.000000000000000000e+00
1.047347825850057645e-02 -1.571877744230718021e-03
0.000000000000000000e+00 0.000000000000000000e+00
0.000000000000000000e+00 0.000000000000000000e+00
0.000000000000000000e+00 0.000000000000000000e+00
0.000000000000000000e+00 0.000000000000000000e+00
0.000000000000000000e+00 0.000000000000000000e+00
0.000000000000000000e+00 0.000000000000000000e+00
0.000000000000000000e+00 0.000000000000000000e+00
-1.181727047112575424e-02 0.000000000000000000e+00
0.000000000000000000e+00 -8.917855594144818987e-03
0.000000000000000000e+00 0.000000000000000000e+00
0.000000000000000000e+00 0.000000000000000000e+00
0.000000000000000000e+00 0.000000000000000000e+00
2.432562461519517660e-02 0.000000000000000000e+00
0.000000000000000000e+00 0.000000000000000000e+00
0.000000000000000000e+00 1.327873633122302055e-02
0.000000000000000000e+00 0.000000000000000000e+00
0.000000000000000000e+00 3.400984626173553238e-03
1.283908550180221098e-03 0.000000000000000000e+00
1.312777122736359658e-02 0.000000000000000000e+00
0.000000000000000000e+00 0.000000000000000000e+00
0.000000000000000000e+00 0.000000000000000000e+00
0.000000000000000000e+00 0.000000000000000000e+00
0.000000000000000000e+00 0.000000000000000000e+00
0.000000000000000000e+00 0.000000000000000000e+00
-3.737535763414823187e-02 1.196141000292945400e-02
0.000000000000000000e+00 0.000000000000000000e+00
-3.206305070746426344e-02 0.000000000000000000e+00
0.000000000000000000e+00 0.000000000000000000e+00
0.000000000000000000e+00 -1.467304922947679224e-03
0.000000000000000000e+00 0.000000000000000000e+00
0.000000000000000000e+00 0.000000000000000000e+00
0.000000000000000000e+00 0.000000000000000000e+00
0.000000000000000000e+00 0.000000000000000000e+00
0.000000000000000000e+00 9.274494146263315142e-03
7.169169898572219646e-04 0.000000000000000000e+00
5.503656513448224041e-04 -3.153200158068869552e-02
0.000000000000000000e+00 0.000000000000000000e+00
0.000000000000000000e+00 0.000000000000000000e+00
9.848441435102064934e-03 5.903457286539487425e-04
-2.776509376489086356e-03 0.000000000000000000e+00
0.000000000000000000e+00 0.000000000000000000e+00
0.000000000000000000e+00 0.000000000000000000e+00
0.000000000000000000e+00 0.000000000000000000e+00
0.000000000000000000e+00 0.000000000000000000e+00
-2.497894536329106630e-03 0.000000000000000000e+00
-4.322464815710316821e-03 0.000000000000000000e+00
0.000000000000000000e+00 0.000000000000000000e+00
0.000000000000000000e+00 0.000000000000000000e+00
0.000000000000000000e+00 0.000000000000000000e+00
-3.114063098064737134e-03 0.000000000000000000e+00
4.553896548474190009e-02 0.000000000000000000e+00
0.000000000000000000e+00 0.000000000000000000e+00
0.000000000000000000e+00 0.000000000000000000e+00
-6.051279910636406245e-03 9.407009065595592356e-03
0.000000000000000000e+00 -1.067944410665319643e-02
0.000000000000000000e+00 0.000000000000000000e+00
0.000000000000000000e+00 0.000000000000000000e+00
0.000000000000000000e+00 3.831455813621262307e-02
0.000000000000000000e+00 5.359895396667910261e-03
0.000000000000000000e+00 0.000000000000000000e+00
0.000000000000000000e+00 0.000000000000000000e+00
-5.552174160340275777e-03 9.180229789355273673e-03
0.000000000000000000e+00 0.000000000000000000e+00
0.000000000000000000e+00 0.000000000000000000e+00
0.000000000000000000e+00 0.000000000000000000e+00
0.000000000000000000e+00 0.000000000000000000e+00
0.000000000000000000e+00 0.000000000000000000e+00
0.000000000000000000e+00 0.000000000000000000e+00
1.154790813323762488e-02 1.386821692540622653e-02
0.000000000000000000e+00 1.095433528827835512e-03
0.000000000000000000e+00 0.000000000000000000e+00
0.000000000000000000e+00 0.000000000000000000e+00
0.000000000000000000e+00 0.000000000000000000e+00
-1.789607161795242485e-04 0.000000000000000000e+00
-5.141903008135009778e-03 0.000000000000000000e+00
3.993378589165916259e-03 0.000000000000000000e+00
0.000000000000000000e+00 0.000000000000000000e+00
0.000000000000000000e+00 0.000000000000000000e+00
-2.256877051033616410e-02 0.000000000000000000e+00
0.000000000000000000e+00 0.000000000000000000e+00
0.000000000000000000e+00 0.000000000000000000e+00
0.000000000000000000e+00 0.000000000000000000e+00
0.000000000000000000e+00 0.000000000000000000e+00
-1.977306474434407935e-02 0.000000000000000000e+00
0.000000000000000000e+00 0.000000000000000000e+00
-6.547222026354396207e-03 2.794688276530410409e-02
0.000000000000000000e+00 1.702712325785164793e-02
0.000000000000000000e+00 0.000000000000000000e+00
0.000000000000000000e+00 0.000000000000000000e+00
0.000000000000000000e+00 0.000000000000000000e+00
0.000000000000000000e+00 1.961134237464259855e-03
0.000000000000000000e+00 0.000000000000000000e+00
-1.152505245148231772e-02 0.000000000000000000e+00
0.000000000000000000e+00 0.000000000000000000e+00
0.000000000000000000e+00 0.000000000000000000e+00
0.000000000000000000e+00 0.000000000000000000e+00
0.000000000000000000e+00 0.000000000000000000e+00
0.000000000000000000e+00 0.000000000000000000e+00
0.000000000000000000e+00 0.000000000000000000e+00
0.000000000000000000e+00 4.079605777923059340e-03
0.000000000000000000e+00 0.000000000000000000e+00
0.000000000000000000e+00 0.000000000000000000e+00
0.000000000000000000e+00 0.000000000000000000e+00
0.000000000000000000e+00 -2.212920371890397808e-02
-1.621046974264216123e-02 0.000000000000000000e+00
0.000000000000000000e+00 2.275200332508488243e-02
0.000000000000000000e+00 0.000000000000000000e+00
0.000000000000000000e+00 -1.979807953551276922e-02
0.000000000000000000e+00 -2.035070725441304185e-03
0.000000000000000000e+00 0.000000000000000000e+00
0.000000000000000000e+00 1.541322908943963677e-02
0.000000000000000000e+00 0.000000000000000000e+00
0.000000000000000000e+00 1.372445347810803684e-02
0.000000000000000000e+00 0.000000000000000000e+00
0.000000000000000000e+00 -2.116107379644437125e-02
0.000000000000000000e+00 0.000000000000000000e+00
2.277469041952771833e-02 5.560070115405174596e-02
6.906629651725934571e-03 0.000000000000000000e+00
0.000000000000000000e+00 0.000000000000000000e+00
0.000000000000000000e+00 4.250099917613672784e-03
0.000000000000000000e+00 0.000000000000000000e+00
0.000000000000000000e+00 0.000000000000000000e+00
0.000000000000000000e+00 0.000000000000000000e+00
9.897972043355809935e-03 -1.628810193722492194e-02
-1.756192043794431445e-02 0.000000000000000000e+00
0.000000000000000000e+00 0.000000000000000000e+00
0.000000000000000000e+00 0.000000000000000000e+00
0.000000000000000000e+00 0.000000000000000000e+00
0.000000000000000000e+00 0.000000000000000000e+00
0.000000000000000000e+00 0.000000000000000000e+00
0.000000000000000000e+00 3.840563705293051355e-03
0.000000000000000000e+00 -2.234857374668094976e-03
6.161106624155074374e-03 0.000000000000000000e+00
3.764443094633404541e-03 -4.807410680723114837e-03
0.000000000000000000e+00 2.938899602379241305e-02
-6.167293299949125340e-03 7.943835884772362799e-03
0.000000000000000000e+00 0.000000000000000000e+00
0.000000000000000000e+00 0.000000000000000000e+00
-1.258087207415632680e-02 3.960552890703539219e-02
-5.858434766110170999e-04 0.000000000000000000e+00
0.000000000000000000e+00 5.720845397007706667e-04
0.000000000000000000e+00 0.000000000000000000e+00
0.000000000000000000e+00 0.000000000000000000e+00
0.000000000000000000e+00 0.000000000000000000e+00
0.000000000000000000e+00 0.000000000000000000e+00
-4.017984864358128960e-03 -2.925883326529363226e-03
0.000000000000000000e+00 0.000000000000000000e+00
0.000000000000000000e+00 0.000000000000000000e+00
0.000000000000000000e+00 9.765831776401973086e-04
0.000000000000000000e+00 0.000000000000000000e+00
6.195304530827186462e-03 0.000000000000000000e+00
4.613799977864643798e-02 2.192733181984127255e-02
0.000000000000000000e+00 0.000000000000000000e+00
0.000000000000000000e+00 4.562006693450720851e-03
0.000000000000000000e+00 0.000000000000000000e+00
0.000000000000000000e+00 0.000000000000000000e+00
-3.271120603959826179e-02 -9.727969433593150472e-03
0.000000000000000000e+00 1.935408220989943973e-02
0.000000000000000000e+00 0.000000000000000000e+00
0.000000000000000000e+00 -2.118043372862098150e-02
5.282362706661394847e-03 0.000000000000000000e+00
0.000000000000000000e+00 -1.619389431744111540e-02
0.000000000000000000e+00 0.000000000000000000e+00
0.000000000000000000e+00 2.346806471980289466e-02
5.090326884639634342e-02 0.000000000000000000e+00
0.000000000000000000e+00 0.000000000000000000e+00
0.000000000000000000e+00 0.000000000000000000e+00
-1.903069460728530615e-02 0.000000000000000000e+00
0.000000000000000000e+00 0.000000000000000000e+00
0.000000000000000000e+00 0.000000000000000000e+00
0.000000000000000000e+00 0.000000000000000000e+00
0.000000000000000000e+00 -7.844643872472564783e-03
-2.333380083943610572e-02 0.000000000000000000e+00
0.000000000000000000e+00 0.000000000000000000e+00
0.000000000000000000e+00 0.000000000000000000e+00
2.496995514330611898e-02 0.000000000000000000e+00
1.715734730250005613e-02 0.000000000000000000e+00
0.000000000000000000e+00 3.733767020100309253e-02
0.000000000000000000e+00 0.000000000000000000e+00
0.000000000000000000e+00 0.000000000000000000e+00
-5.141382481689035777e-03 0.000000000000000000e+00
0.000000000000000000e+00 3.948005686714092799e-03
0.000000000000000000e+00 0.000000000000000000e+00
0.000000000000000000e+00 0.000000000000000000e+00
-1.195898486395688409e-03 0.000000000000000000e+00
0.000000000000000000e+00 2.167767740884933569e-02
0.000000000000000000e+00 0.000000000000000000e+00
0.000000000000000000e+00 0.000000000000000000e+00
8.338320202833135464e-03 4.524926917395427628e-02
0.000000000000000000e+00 1.611948158120680985e-02
-1.544961407672255926e-02 0.000000000000000000e+00
0.000000000000000000e+00 0.000000000000000000e+00
0.000000000000000000e+00 0.000000000000000000e+00
0.000000000000000000e+00 0.000000000000000000e+00
0.000000000000000000e+00 0.000000000000000000e+00
-2.511312350252353776e-02 -8.063433975903214201e-03
0.000000000000000000e+00 0.000000000000000000e+00
0.000000000000000000e+00 0.000000000000000000e+00
5.284675879859299097e-03 0.000000000000000000e+00
0.000000000000000000e+00 0.000000000000000000e+00
0.000000000000000000e+00 0.000000000000000000e+00
1.834546494225462732e-02 -2.087405622641133607e-03
5.183238436937617766e-03 0.000000000000000000e+00
-1.696005102087223826e-02 0.000000000000000000e+00
0.000000000000000000e+00 1.691426696121788031e-02
0.000000000000000000e+00 0.000000000000000000e+00
2.347922358501015883e-02 7.910781955436707591e-03
-1.874679676102289361e-03 0.000000000000000000e+00
0.000000000000000000e+00 0.000000000000000000e+00
2.185835991590230620e-02 -2.870203782253485936e-03
0.000000000000000000e+00 0.000000000000000000e+00
0.000000000000000000e+00 0.000000000000000000e+00
0.000000000000000000e+00 0.000000000000000000e+00
0.000000000000000000e+00 0.000000000000000000e+00
0.000000000000000000e+00 0.000000000000000000e+00
0.000000000000000000e+00 0.000000000000000000e+00
0.000000000000000000e+00 0.000000000000000000e+00
-2.933063898125323754e-03 2.071716000755607912e-02
-6.868749353776723576e-03 0.000000000000000000e+00
7.483541419550696072e-03 0.000000000000000000e+00
0.000000000000000000e+00 2.228431367512666295e-02
0.000000000000000000e+00 3.184513126874005673e-02
0.000000000000000000e+00 0.000000000000000000e+00
0.000000000000000000e+00 0.000000000000000000e+00
6.911644761666543846e-03 3.886747734310996849e-03
0.000000000000000000e+00 0.000000000000000000e+00
-1.832148093995937532e-02 0.000000000000000000e+00
0.000000000000000000e+00 0.000000000000000000e+00
0.000000000000000000e+00 0.000000000000000000e+00
0.000000000000000000e+00 0.000000000000000000e+00
0.000000000000000000e+00 0.000000000000000000e+00
7.117391421781929517e-03 0.000000000000000000e+00
0.000000000000000000e+00 0.000000000000000000e+00
2.141680057717461338e-02 0.000000000000000000e+00
0.000000000000000000e+00 0.000000000000000000e+00
0.000000000000000000e+00 -1.464624000910116908e-02
0.000000000000000000e+00 0.000000000000000000e+00
0.000000000000000000e+00 0.000000000000000000e+00
0.000000000000000000e+00 0.000000000000000000e+00
0.000000000000000000e+00 0.000000000000000000e+00
0.000000000000000000e+00 0.000000000000000000e+00
-1.227681322505934369e-02 0.000000000000000000e+00
0.000000000000000000e+00 0.000000000000000000e+00
0.000000000000000000e+00 2.750931291704519777e-03
0.000000000000000000e+00 0.000000000000000000e+00
-1.497387577625940158e-02 0.000000000000000000e+00
0.000000000000000000e+00 0.000000000000000000e+00
0.000000000000000000e+00 -1.781087213815775450e-02
0.000000000000000000e+00 0.000000000000000000e+00
0.000000000000000000e+00 0.000000000000000000e+00
0.000000000000000000e+00 0.000000000000000000e+00
0.000000000000000000e+00 0.000000000000000000e+00
0.000000000000000000e+00 1.882705831750929037e-02
0.000000000000000000e+00 0.000000000000000000e+00
0.000000000000000000e+00 3.504573272342781376e-02
0.000000000000000000e+00 0.000000000000000000e+00
0.000000000000000000e+00 -7.807762193032405373e-03
-1.381204054945066317e-02 0.000000000000000000e+00
0.000000000000000000e+00 0.000000000000000000e+00
-3.662439725718363848e-02 0.000000000000000000e+00
0.000000000000000000e+00 0.000000000000000000e+00
0.000000000000000000e+00 0.000000000000000000e+00
1.814313888089245930e-02 0.000000000000000000e+00
1.472947793745969791e-02 0.000000000000000000e+00
0.000000000000000000e+00 3.095290744236936509e-03
0.000000000000000000e+00 0.000000000000000000e+00
2.540580593084720840e-03 0.000000000000000000e+00
0.000000000000000000e+00 2.653381717693736874e-02
-3.756742419556563517e-04 6.322358883845802247e-03
0.000000000000000000e+00 0.000000000000000000e+00
0.000000000000000000e+00 -2.324118512389103386e-03
7.426690599044258323e-03 0.000000000000000000e+00
0.000000000000000000e+00 0.000000000000000000e+00
0.000000000000000000e+00 0.000000000000000000e+00
0.000000000000000000e+00 0.000000000000000000e+00
0.000000000000000000e+00 -1.582697855409610777e-02
0.000000000000000000e+00 0.000000000000000000e+00
-5.359101829039206177e-02 0.000000000000000000e+00
1.246637846477417766e-02 -1.356116935649161193e-02
0.000000000000000000e+00 0.000000000000000000e+00
0.000000000000000000e+00 1.680609274840677569e-02
0.000000000000000000e+00 0.000000000000000000e+00
0.000000000000000000e+00 0.000000000000000000e+00
-2.121972975156481700e-02 -9.354568308369629048e-03
0.000000000000000000e+00 0.000000000000000000e+00
-6.759611153661959637e-02 5.221455111161477092e-02
0.000000000000000000e+00 6.854267677661407543e-02
2.336838148173948915e-02 0.000000000000000000e+00
0.000000000000000000e+00 0.000000000000000000e+00
0.000000000000000000e+00 0.000000000000000000e+00
0.000000000000000000e+00 1.853975171491009655e-03
-8.573972824657563607e-03 1.707199523374086647e-03
0.000000000000000000e+00 0.000000000000000000e+00
-4.586636914475436533e-02 0.000000000000000000e+00
0.000000000000000000e+00 0.000000000000000000e+00
0.000000000000000000e+00 -2.610073410447585895e-02
0.000000000000000000e+00 0.000000000000000000e+00
0.000000000000000000e+00 0.000000000000000000e+00
3.341561270781262527e-02 0.000000000000000000e+00
0.000000000000000000e+00 0.000000000000000000e+00
0.000000000000000000e+00 1.362939109028536711e-02
6.118856421947135860e-03 0.000000000000000000e+00
0.000000000000000000e+00 0.000000000000000000e+00
0.000000000000000000e+00 0.000000000000000000e+00
0.000000000000000000e+00 0.000000000000000000e+00
0.000000000000000000e+00 -3.365509671218511190e-02
0.000000000000000000e+00 0.000000000000000000e+00
0.000000000000000000e+00 -7.799624062297255689e-04
0.000000000000000000e+00 0.000000000000000000e+00
5.804284842313725545e-03 0.000000000000000000e+00
0.000000000000000000e+00 0.000000000000000000e+00
0.000000000000000000e+00 1.099621026787392375e-02
0.000000000000000000e+00 0.000000000000000000e+00
0.000000000000000000e+00 -1.673671748554220184e-03
4.364782585721219133e-03 0.000000000000000000e+00
0.000000000000000000e+00 0.000000000000000000e+00
0.000000000000000000e+00 0.000000000000000000e+00
0.000000000000000000e+00 0.000000000000000000e+00
0.000000000000000000e+00 0.000000000000000000e+00
0.000000000000000000e+00 0.000000000000000000e+00
0.000000000000000000e+00 -1.426632721332381226e-02
0.000000000000000000e+00 0.000000000000000000e+00
0.000000000000000000e+00 0.000000000000000000e+00
0.000000000000000000e+00 -2.580031415573938447e-02
0.000000000000000000e+00 -1.077531617135034370e-02
0.000000000000000000e+00 0.000000000000000000e+00
0.000000000000000000e+00 3.292470014595444416e-02
0.000000000000000000e+00 0.000000000000000000e+00
3.651751050142332256e-02 0.000000000000000000e+00
0.000000000000000000e+00 0.000000000000000000e+00
1.464663181122712043e-02 0.000000000000000000e+00
-1.299658995041495790e-02 0.000000000000000000e+00
0.000000000000000000e+00 -2.463430728760529487e-02
-1.532453639024468350e-02 2.900716070373940414e-03
0.000000000000000000e+00 0.000000000000000000e+00
-2.862890060326375719e-03 0.000000000000000000e+00
0.000000000000000000e+00 0.000000000000000000e+00
0.000000000000000000e+00 0.000000000000000000e+00
-3.818461948353341073e-02 0.000000000000000000e+00
-2.583410870942909332e-02 0.000000000000000000e+00
0.000000000000000000e+00 0.000000000000000000e+00
1.515974728266407390e-02 0.000000000000000000e+00
0.000000000000000000e+00 0.000000000000000000e+00
0.000000000000000000e+00 -1.459514830512349814e-02
0.000000000000000000e+00 0.000000000000000000e+00
1.395754068829858918e-02 0.000000000000000000e+00
0.000000000000000000e+00 0.000000000000000000e+00
0.000000000000000000e+00 0.000000000000000000e+00
0.000000000000000000e+00 0.000000000000000000e+00
-3.237930040105099772e-03 0.000000000000000000e+00
0.000000000000000000e+00 -1.235084185777116095e-02
0.000000000000000000e+00 0.000000000000000000e+00
0.000000000000000000e+00 0.000000000000000000e+00
0.000000000000000000e+00 0.000000000000000000e+00
0.000000000000000000e+00 0.000000000000000000e+00
-1.791432680768444141e-02 1.061890068489639016e-02
1.085383177431796520e-02 0.000000000000000000e+00
0.000000000000000000e+00 1.117629174487864974e-02
0.000000000000000000e+00 -8.156616750615450218e-03
0.000000000000000000e+00 -2.086302776137337334e-02
-5.507946281176359649e-03 0.000000000000000000e+00
0.000000000000000000e+00 6.851537374057048435e-01
